0 0.380806 0.890749 0.0776527 0.124719
0 0.365707 0.615713 0.0770974 0.115832
0 0.664295 0.590609 0.102398 0.135241
0 0.367311 0.339753 0.0788751 0.121467
0 0.879554 0.693949 0.100264 0.120866
0 0.641216 0.330315 0.0725279 0.122926
0 0.642627 0.203936 0.0726888 0.106295
0 0.112482 0.183666 0.0781977 0.169567
0 0.124861 0.766105 0.0963137 0.135197
0 0.36182 0.478205 0.0966946 0.107682
0 0.782611 0.116103 0.0692896 0.121415
0 0.870156 0.427681 0.0971691 0.113731
0 0.112204 0.448658 0.081112 0.101493
0 0.286316 0.156798 0.071802 0.128331
